68.2
72.7
68
65
62.6
57.6
50.7
51.4
54.1
56.1
57.5
55.6
46.8
42.7
48.7
51.8
52.1
51.6
50.5
45.6
43.5
50.9
62.3
63.5
62.8
63.2
54.6
48.3
52.1
53.7
52.4
52.3
45.5
39.8
38.4
43
43.3
40
39.7
38.6
36.6
36.4
39.6
44.2
48.7
50
50.6
43.8
40
44.3
46.7
48.6
56.1
57
48.4
42.1
40
40.3
51.7
62.5
64.2
60.1
54.1
52.1
73.9
76
74.7
67.2
66
61.1
64.3
69.8
82
83.1
81.4
70.7
64
61.3
59.9
72.1
68.7
65.6
60.4
58.4
57.9
61.3
55.6
55.8
58.6
57.2
49.6
49
61.6
67.2
65.8
65.1
60.1
55.7
55
51
50.6
49.9
46.7
42.6
38.5
38.5
39.3
41.5
42.7
41.3
34.5
32.9
36.1
38.3
37.7
33.4
31.1
27.9
35.8
30.3
30.4
36.6
37
32.9
28.5
25.6
25.1
29
31.5
29.3
28.4
33.5
34.2
38.6
37.7
36.1
34.3
32
34.5
31.5
37.4
35.9
34.2
37.4
42
37.8
34.4
37.5
37.4
36.3
36.4
34.8
33.4
32
30.2
28.8
28.7
32.1
28.5
28.6
29.3
35.3
33.9
37.3
41.1
42.9
41.5
44.6
48.6
47.3
46.3
42.5
34.2
31.5
29.7
30.5
31.7
29.5
33.3
29.2
28
23.7
22.2
22
25.2
24.1
22.7
22.2
21.9
20.2
23.7
28.7
26.3
23.8
23.9
21.3
24.7
26.2
26.2
25.2
22.3
22.2
20.9
19.8
19.9
19.9
17.7
17
16.4
16
15.9
15.9
15.2
16.3
14.2
13.8
14.8
13.7
13.9
14
13.8
12.9
14.5
13.9
13.4
13.1
13.1
13.3
14.1
13.9
13.6
12.5
11.9
13.9
14.7
13.5
14.5
12.9
15.4
12.8
11.9
13
13.5
13.1
12.7
12.5
13.5
13.4
12.4
11.4
11.6
11.9
11.5
13.2
13.2
13.3
13.1
12.8
11.9
12.9
12.5
13
13.1
13
13.2
12.1
12.6
12.5
11.7
11.3
11.9
11.7
11.5
10.9
11.4
11.3
12.9
12.9
13.2
13.7
12.5
13.1
10.9
10.8
10.5
10.9
13
9.34
10.7
10.8
10.9
10.4
10.2
10.4
10.3
10.4
11
10.5
11
10.4
10.5
10
9.58
10.4
10.4
10.7
11.2
11
10.9
11.2
10.4
10.5
10.5
10.4
10.7
10.4
10.2
10.6
10.8
10.4
11.9
9.78
10.4
9.53
10.1
10.5
10.8
12.9
12
12.3
10.6
11
10.9
11.3
10.8
11.4
11.6
12.2
11.1
12.1
12.3
11.3
11.8
12.9
11.9
12.1
12.1
11.9
12.4
13
12.1
12.5
12.3
12.1
12.2
11.8
11.5
12
12.9
13
13.1
12.8
13.5
14.6
13.5
12.3
12.7
12.2
12.8
12.5
12.6
12.5
12.6
12.5
12.4
12.1
12
12.5
13.4
13.1
13.2
12.5
12
12.4
13.2
12.5
12.6
13.2
13.3
14.8
14.6
13.6
13
13.2
12.6
13.2
12.9
13.3
13.4
13.4
13.4
13.3
14.3
15
15
16.9
15.8
16.9
16
15.5
14.2
14.9
15.3
13.5
14.1
12.9
14.5
16.1
17.4
18.5
21.8
24.3
22.9
22.2
28.1
29
29.3
33
32.4
35.8
37.4
39.5
39.1
41.3
48.5
57.6
58.1
56.9
57.7
67.6
82.5
80.3
80.9
75.2
73
71.5
65.8
58.5
53.1
51.1
48.5
43.9
41.6
37.1
33.5
35.8
37.1
36.2
37.3
36.5
33
32.5
35.8
36.9
38.8
38.8
41.7
44
47.2
48
47.2
47.7
47.2
47.3
43.2
41
42.1
41.5
42.7
47.9
53.4
53.6
51.3
53.8
56.3
53.7
54.2
55.1
54.3
55
55.8
58.5
58.7
53.7
51.5
53.7
60.6
69.1
69.1
70.1
72
67.9
61
55.1
58.8
60.8
60
53.1
48.6
42.9
38.2
41.8
41.8
43.8
44.3
40.8
39
35.2
37.2
39.2
40.7
42.6
47.1
50.4
50.9
46.4
40.8
38.2
37.2
32.4
30.4
29.6
30.3
29.2
27.5
28.7
29.5
25.7
23.8
20.8
23
27.1
32.7
41.4
36.9
39.6
44.5
41.9
38.2
36.7
32.4
29.6
25.5
26.2
25.6
27.9
27.5
30.7
28.4
28.5
31.2
32.8
33.5
36.1
34
32.7
31.2
35.7
37.9
54.3
57.9
56.6
56.7
57.3
61.6
66.9
64.2
60.6
59.8
57.4
57.9
55.8
51.1
49.6
45.2
38.6
34.5
30.5
31.4
30.2
29.2
28.6
28.9
25.2
20.2
22.5
23
25.6
21.7
19.8
18.5
16.7
15.9
15.7
15.2
16.3
16.3
15.1
13.8
14.5
12.5
12.7
12.9
12.7
12.7
12.5
12.5
13
12.2
14.1
13.3
12.9
12.5
12.6
12.2
12.2
12
12.2
12.1
13.8
12.5
12.6
11.8
11.4
10.3
11.9
11.4
11.3
11.6
11.9
12.2
11.4
11.9
12.3
11.6
11.7
12.4
11.1
12.2
10.6
11.5
11.6
11.7
11.6
10.8
11.3
12
11.8
12.8
13.6
12.3
12.5
12.7
10.9
11.2
11.5
11.3
11.1
11
11.5
11.6
11.7
11.7
11.1
13.2
14.5
13.9
13.1
13.8
15.4
14.4
12.6
12
12.1
11.9
12.8
11.6
12
12.1
12.1
12.6
12.5
12.3
12.2
12.1
12.4
12.7
12.7
13
13.6
12.9
12.8
14
15.1
15.1
15
14.9
14.3
14.8
14.4
15.2
12.9
13.7
13.1
13.1
13.3
12.1
12.5
12.2
11.8
12.5
12.2
12.7
12.7
12
12.7
13.5
13.3
13.7
13.5
13.2
13.4
13.8
14.1
14.8
15.6
14.5
14.6
14.7
14.9
15
15.4
15.3
16.3
14.6
17
14
15
15.1
13.9
14.4
15.5
15
14.7
13.4
14.1
12.5
12.9
14
14.6
13.3
13
13.2
13.2
14.4
14.1
13.8
12.7
14.3
13.9
13.6
13.4
13.9
13.4
12.7
14.1
15.3
13
14.1
14.3
16.6
19.8
22.8
21.3
24.2
20.8
18.2
17.6
15.3
17.1
17.8
18.1
19.7
19.7
17
17.9
18.2
18
17.7
19.5
19.8
19.8
17.9
18.4
18.2
17.6
18.5
15.7
15.4
15.3
16.1
13
15.1
14.7
14.2
14.9
14.6
13.9
14.9
14.9
13.7
15.3
15.8
13.9
16.1
17.2
22.1
31.2
33.4
30.1
30.8
27.5
32.1
34
34
34.5
34.8
33.6
29
29.3
29.7
28.4
31.7
33.9
33.1
40.2
50.1
56.7
54.9
54.8
54.9
54.8
49
44.7
50.3
52.8
54.7
54.6
53.6
46.1
40.7
41.9
42.7
46.8
49.6
48.4
45.2
39.2
38.8
40.3
39.6
38.9
35.9
31.2
32.8
35.4
33.6
32.2
31.7
32.1
31.6
24.2
28.4
31.5
31.2
23.4
26
19.6
21.2
18.4
20.6
22
21.9
25.7
23.8
20.3
17.9
19.8
20.7
20.4
20.5
19.5
16.2
19.7
22
24.1
21.8
20.6
18.5
17.6
20.4
20.4
19.2
18.9
18.7
16.7
16.1
16.4
18.3
21
22.6
22.7
18.9
18
17.4
20.9
25.2
28
26.3
21.5
18
18.3
18.1
17
18
18.2
17
16.5
16.4
18.8
23
23.4
21.5
20.2
18.7
18.5
17.4
16.5
16.9
18
16.5
16.3
19.7
27.2
31.4
24.7
25.9
22.6
23.8
24.6
24.1
24.1
22.6
24.6
39
47.2
60.2
56.6
66.9
70.1
62
55.4
51.6
50
49.2
49.4
47.2
46.5
39.9
34.8
33.6
29.3
25.4
24.8
26.4
23.4
19.9
18.7
21.5
21.2
19.3
17.7
17.5
18
17.9
16
15.8
15.9
16.1
15.5
15.2
13.7
14.2
13.7
14.2
13.2
13
14.2
18.4
21.9
26
22.5
20.2
19.2
15.7
16
16.3
11.9
13.1
12.8
13.1
11.9
15
17.2
16.8
18.6
14.4
13.8
12.6
14
12
12.3
12
14.2
16.1
15.2
25
24.9
24.5
24.2
26.7
22
19.7
20.4
17
14.6
14.4
17.4
15.3
13.9
12.4
12.6
12.6
12.7
12.4
11.2
11.9
11.5
12.3
13.1
14.7
16.9
14.7
16.3
17.8
19
21.6
22.4
22.9
21.8
23
24.8
25.3
24.1
26.7
29.1
23.5
22.8
31.3
49.9
80.7
97.9
92.8
79.4
75.5
73.6
67.1
53.8
47.9
45
40.7
34.1
37.1
40
35.3
41.9
54.6
59.7
60.2
57.1
55.6
54.1
50.3
47.3
43.9
38.7
40.4
38.4
31.5
34.4
35
33.3
29.8
31.5
33.3
30.8
29.1
28.4
26.1
24.2
27.8
27.7
28.7
29.7
31.4
30.7
24.8
28.6
27.1
24.9
23.3
25.2
20.3
19.8
18.8
20.4
18.4
21.1
25.5
20
17.9
22.2
19.9
20
20.8
23.2
22.7
20.1
16.9
17.8
19.5
17.1
17.4
18.3
17.2
17.8
18.7
19.7
19
17.2
18
18.4
21.8
23.7
21.6
24.8
25.3
21.5
20.3
19.8
20.6
19.7
22.3
24
19.8
21.6
28.5
37.2
43.9
48.2
50.2
50.1
48.5
47.2
42.8
41
40.6
38.6
31.8
30.7
36.7
47.5
57.1
66.9
67.8
57.2
55.5
50.9
54.6
58.5
59.1
57.6
56.8
48.2
49.4
55.7
66.8
70.7
69.1
66.4
60.6
56.1
51.5
48.6
48
47.9
45.6
43.1
43.4
44.2
44.9
42.2
39.8
33.9
30.8
36.9
38.4
38.1
34
31.9
28.9
32.7
39.5
44.2
46.9
47.5
46.8
45
45.1
51
54.3
54.8
49.6
46.6
42
40.4
45.6
49
51.4
53.1
53.3
47.5
42.9
41.2
45.9
44.5
43.9
42.7
42
39.7
43.7
46.3
49.5
51.2
52.1
53.8
55.1
59.5
61.2
60.3
58
57
50.3
44
45.2
43.6
44.2
43.8
45.8
65
86.8
87.3
84.7
80
79.6
77.4
75.1
71.2
70.1
70.6
76.7
93.2
85.4
77.3
69.6
66.8
64.7
62.7
56.1
48.9
42.7
40.6
42.8
43.3
40.7
42.1
40.6
37.4
33
30.4
30.2
28.9
25.9
26.2
23.4
22.9
22
24
26.3
27.2
25.4
22.6
21
21.4
22
22.5
21.6
20.4
18.9
18.8
18.5
19
21.3
22.9
23.1
21
19.3
23.6
25.6
24.9
26.6
25.6
22.8
20.4
20.4
21.3
22.3
22.4
26.7
27.5
27.9
33.7
41.6
53.3
53.2
53.8
64.2
63.7
59
56.3
47.3
43
42.3
34.2
32.1
39.2
37.3
35.2
34.5
32.1
29.3
26.5
26.2
26.2
27.6
27.1
28.3
27.6
28.8
30.1
30
29.4
29.8
26.2
23.8
22
21.3
21.7
21.5
21.5
21.6
22.8
25.4
30.2
54.9
62
62.1
60.5
55.5
54.5
61
68.4
67.3
63
59
56.3
54.1
50.2
46.2
42.8
40
38.5
33.2
29
28.8
31.4
30.6
30.5
30.6
27.3
24.9
28
30.9
33.3
31.6
28.8
28.4
27.2
28
27.3
25.7
25.8
26.3
24
22.5
25.7
26
29.7
34.2
34.7
29.3
25.8
27.7
27
27.5
26.3
24.5
23.3
22
24.3
20.7
24.3
20.5
21
20.1
20.9
20.8
20.7
20.1
21.2
21.6
21
21.2
22.1
24.1
31.5
33.2
35
32.1
28.3
29.4
30.3
29.2
26.9
28.6
26.2
24.5
24.3
25.4
23.2
24.9
24.5
23.4
23.8
29.9
26.1
24.5
23.8
28.9
31.9
28
28
27.6
29.6
32
34.7
29.6
28.1
33.8
36.5
30.3
27.8
31.1
32.8
29.8
34.9
38.4
32.6
30.3
34.3
32.2
29.5
29.5
34.7
39.5
44.5
40.6
46.1
44.5
39.4
41
45.1
53.9
58.3
60.6
58.5
61.7
68.6
67
56
50.6
43.7
38.4
41.9
44.3
41.8
33.6
31.5
33.1
29.2
30.3
39
38.1
32.4
30.6
34.6
36.9
43.8
46.4
41.1
38.3
42.7
43.5
43.8
48.6
53.2
62.6
63.5
57.8
57.1
56.4
60.7
59.8
59
68.2
73.4
72.8
68.1
66.3
60.7
64.2
69
72.4
74.5
79.2
80
90.5
82.8
75.1
66.9
65.2
62
62.2
62
60.5
56.6
53.2
51.9
49.8
47.4
41.8
38.1
35.7
33.8
30.5
28.2
28.7
31.4
35.6
31.9
36.6
31.2
27.4
29.1
30.5
32.1
33.3
30.8
25.9
23.3
27.4
33.9
38.4
44
38.7
33.2
33.8
33
36.7
48.3
49.6
45.9
39.3
35.1
35.6
35.7
32.4
34.1
39.1
40.5
40.5
40.1
39.1
38
38.5
36.1
34.8
39.2
48.7
49.2
50
47.3
46.3
45
42.8
42.1
40.2
41.5
42.6
41.6
40.8
39.5
40.7
40.2
36.6
36.3
35.2
33.7
32.5
28.1
26.1
27.6
31.5
27
22.8
23.5
23.6
22.6
23.8
23.7
22.4
21.8
20.7
22.2
22.9
20.5
21.2
18.7
18.6
18.2
18.3
19.9
21.2
22
19.3
18.4
17.1
16.4
16.5
17
16.9
16.1
16.7
16.7
16.4
17.4
16.4
16.5
16.3
15.5
15
15.8
15.8
16.4
16.7
18.1
17.3
15.5
15.3
16.6
17.2
17.3
16.1
15.4
13.9
14.1
14.5
14.1
14.3
13.8
13
13.2
12.4
12.9
12.7
13
12.5
12.9
11.2
12.3
11.6
12.6
13
14.7
13.8
13.4
12.8
13.2
12.6
12.8
12.7
12.9
12.3
12.2
12.4
12.4
11.4
11.2
12.1
13.2
12.4
11.2
11.9
11.6
13.6
12.9
19.2
30.4
33
30
23.5
23.2
21.4
20.5
21.4
21.7
20.4
19.6
19.3
17.2
15.8
15
15.5
15.8
16.2
16.2
15.6
14.9
15.5
15.8
15.2
15.3
16.1
19.2
22.8
30.2
35.1
32.3
30.2
28.6
25.8
23.1
23.6
23.6
24.7
24.2
25.3
21
19.5
20.1
21.1
20.2
19.2
20.1
19
16.7
16.3
15.4
18.7
16.9
15.9
15.2
15.7
15.3
15.1
15.6
16.7
16.7
16.3
15.8
15.6
15.9
17.3
19.1
18.6
18.3
17.4
18.1
17.8
17.1
18.3
19
21.4
19.6
18.3
17.9
17.3
17.4
17
16.5
16.5
16.7
17.9
18.8
17.4
17.5
18.3
16.8
17.2
17.1
17.2
16.8
17.5
17.2
16.7
19.1
20.5
18.9
20.5
20.7
19
18
18.8
20.2
20.1
22.4
25.7
26.2
21.4
20
19.8
18.5
18.9
20
20.6
19.9
18.3
20.7
21.2
25.3
31.6
38.4
37.3
34.9
34.8
32
28.6
26.9
23.4
21.8
23.9
31.3
33.7
32
28.6
27.5
26.1
30.3
31.8
31.8
31.1
31.8
29.9
29.9
33.3
33.6
35.8
34.3
32.3
26.7
25.8
30.3
32.6
30.8
33.7
31.2
28.3
27.2
25.9
29.5
31.8
48.9
57.5
55
46.9
45.1
44
43.9
42.7
40.2
33
32.2
44.3
47.9
50.3
52.3
61.5
67.4
68.6
67
68.1
67.3
68.2
70
70.2
67.4
66
57.7
51.1
48.7
41.1
37.6
37.5
44.5
47.6
58.3
75.9
81.4
77.5
79.3
80.7
80.7
76.1
73.8
70.2
59.3
50
50.8
51.3
50.5
52.1
58.9
58.9
61.3
57.2
58.1
52.9
51.1
59.4
67.7
68.5
59.7
55.4
53
49.7
43.9
38
36
37.4
43.9
48.8
57
76.3
78.4
77.7
75.4
87.6
84.1
72
66.2
61.4
58.8
57.5
56.3
55.6
56.8
57.8
55.5
51.4
46.5
45.6
44.2
46.1
44.5
38.4
35.3
38.2
38.2
36.9
36.5
33.3
30.6
29.4
32.2
33
34.4
34.4
30.9
27.2
27
30.9
31.6
31.4
28.7
25.1
22.9
22.4
24.5
23.3
20
19.3
18.2
17.1
17
17.1
17
19.6
17.6
15.9
15
14.7
14.8
16.8
16.9
16.2
15
14.6
14.1
14.2
13.9
15
17.6
20.7
20.6
18.7
18.8
17.7
16.8
16.1
15.9
15.1
14.4
13.7
13.3
14.3
15.7
13.6
13.1
12.4
14
12.3
11.8
12.3
11.9
11.8
11.9
11.7
12.1
11.9
10.8
10.7
9.13
10.8
10.9
11.7
12.4
12.2
13.8
13.1
14
14.4
15.4
16.2
15.7
19.4
29.9
42.3
47.3
46.3
37.6
34
30.7
27.4
24
21.6
21
24
31.8
38.8
34.9
30.7
29.1
27.3
27.4
27.5
26.6
25.2
27.7
32
45
44
40.5
35.9
29.8
26.5
25.1
23.5
23.3
23.6
22.6
20.9
19.4
19.6
20.3
18.8
18.2
18.3
18.2
18
16.9
17.2
19.2
20.2
20.6
18.6
18.1
17.7
16.4
17.4
17.5
16.6
16.2
16
15.9
16.2
15.5
15.6
15.9
16.9
17.5
17.6
17.6
18
17.9
17.8
17.6
17
16.4
17.3
20
19.6
20.1
21.2
21.4
24.1
24.8
25.8
28.9
30.3
29.7
27.4
28.4
27
25.4
29.3
33.4
31.5
27.8
28.4
30.6
34.6
37
33.4
29.8
28.7
31.5
33.4
42.1
43.2
42.4
43.1
59.2
77.8
83.1
70.7
65.9
65.1
60.3
53.1
51.6
49.7
47.9
47.6
45.8
41.3
40.8
42.7
44.1
45.9
47
46.2
47.6
62.4
79.5
84.9
79.7
78.6
76.7
74
70.9
75.8
83.9
105
116
113
137
170
194
205
176
162
131
114
105
107
110
110
111
103
97.3
90.9
87
84.2
74
68
65.4
60.4
57.3
60
60.6
58.6
57.5
58.7
52.4
53.6
74
88
90.1
92.1
82
72.6
67.6
66.8
63.6
61.9
61.7
62
67.6
105
106
107
118
133
137
147
144
127
115
107
103
101
99.5
97.1
98.6
95.9
94.6
94.1
92.7
87.8
85.5
85.2
81.5
79.7
74.4
68.8
63.1
57
59.7
61.6
61.8
60.9
55.8
47.9
42.1
39.8
45.1
47
46.5
43.8
37.8
34.2
36.2
44.5
41.2
41.1
39.1
36.8
36.8
40.2
39.4
37.6
35.5
32.9
29.9
29.6
29.4
30.6
35.1
36.6
35.6
29.9
28
29.9
30
30
29
28.2
25.6
25.8
27.6
26.7
28.1
29.9
28.7
26.5
24.8
26
27.8
27.9
27.7
27
24.4
22.8
23.9
25
23
22
21.1
20.7
21.3
22.9
24
25.2
25
23.3
21.5
20
19.6
19.3
18.6
17.9
17.5
17.2
18.1
17.4
17.2
17.5
17.9
17.6
17.7
17.3
17
16.5
16.6
17.4
17.8
17.9
17.9
18.5
19
19.3
18.5
18.6
18
18.8
17.8
15.4
15.8
15.9
15.5
16.1
15.1
16.9
16.3
15.8
16.9
17.2
16.2
16.5
15.8
14.9
15.8
15.7
15.1
16.3
16.6
15.9
15
15.5
14.8
15.2
15.2
15.3
14.8
15.6
16.6
17.8
18
18.9
17.2
16.9
16.2
15.7
15.4
15.8
15.3
14.9
15.8
14.5
14.5
14.1
14.2
14.4
14.4
14
13.9
14.8
17.1
17
17.3
16.7
16.1
15.9
15.4
15.1
14.5
14.1
14.1
13.5
13.6
13.9
14.6
15.9
19.3
24.3
34.5
39.8
35.5
33.1
30.3
26.9
24.5
22.5
21
20
19.3
18.2
17.8
17.5
16.9
16.6
16.1
15.9
15.9
17.4
18.4
19.4
23.5
32
54.3
97.9
153
243
430
419
296
247
194
154
128
117
111
96
83.2
76.6
72.5
68.4
66.9
65.4
62.7
59.7
59.3
60.6
59.8
59.8
61.2
58.3
54.3
50
46.5
43.7
41.3
39.7
39.7
37.7
36.3
35.4
34.8
33.7
32.5
30.6
30.8
30.5
28
26.3
24.5
23.9
